Thread lengths
Thread (DMC)	Description	Stitches	Backstitches	Length(m)	Backs	Total
155	Mauve violet	566	0	  2.9	  0.0	  2.9
156	Lavender 	444	0	  2.2	  0.0	  2.2
307	Lemon 	205	0	  1.0	  0.0	  1.0
310	Black 	186	3677	  0.9	  5.8	  6.7
310	Black 	0	704	  0.0	  2.2	  2.2
327	Dark violet 	204	0	  1.0	  0.0	  1.0
333	Deep violet 	769	0	  3.9	  0.0	  3.9
420	Hazelnut 	727	0	  3.7	  0.0	  3.7
422	Light oak 	161	0	  0.8	  0.0	  0.8
444	Bright yellow  	223	0	  1.1	  0.0	  1.1
445	Light lemon 	227	0	  1.1	  0.0	  1.1
470	Olive green 	824	0	  4.2	  0.0	  4.2
502	Blue green 	688	0	  3.5	  0.0	  3.5
503	Thyme green 	499	0	  2.5	  0.0	  2.5
580	Cactus green 	924	0	  4.7	  0.0	  4.7
640	Green grey 	0	361	  0.0	  0.6	  0.6
677	Sand gold	285	0	  1.4	  0.0	  1.4
702	Fresh green	94	0	  0.5	  0.0	  0.5
703	Springtime green	116	0	  0.6	  0.0	  0.6
732	Bronze green	518	0	  2.6	  0.0	  2.6
733	Golden green	506	0	  2.5	  0.0	  2.5
734	Light Olive green	543	0	  2.7	  0.0	  2.7
740	Orange	144	0	  0.7	  0.0	  0.7
741	Tangerine orange	124	0	  0.6	  0.0	  0.6
746	Vanillla	404	0	  2.0	  0.0	  2.0
782	Wicker brown 	230	0	  1.2	  0.0	  1.2
783	Old gold 	312	0	  1.6	  0.0	  1.6
823	Blueberry blue 	262	0	  1.3	  0.0	  1.3
831	Green bronze 	611	0	  3.1	  0.0	  3.1
832	Light green bronze 	349	0	  1.8	  0.0	  1.8
833	Brass 	225	0	  1.1	  0.0	  1.1
838	Dark wood 	647	0	  3.3	  0.0	  3.3
839	Root brown 	1013	0	  5.1	  0.0	  5.1
869	Coffee brown 	1055	0	  5.3	  0.0	  5.3
838	Dark wood 	19	1423	  0.1	  2.2	  2.3
907	Granny Smith green 	535	0	  2.7	  0.0	  2.7
919	Red copper 	215	0	  1.1	  0.0	  1.1
920	Ochre copper 	334	0	  1.7	  0.0	  1.7
926	Grey green 	1343	0	  6.8	  0.0	  6.8
932	Seagull blue  	306	0	  1.5	  0.0	  1.5
934	Algae green 	179	0	  0.9	  0.0	  0.9
936	Oaktree moss green 	383	0	  1.9	  0.0	  1.9
946	Fire orange 	162	0	  0.8	  0.0	  0.8
947	Sunset orange	251	20	  1.3	  0.1	  1.4
970	Bright orange	258	0	  1.3	  0.0	  1.3
972	Curry yellow	247	0	  1.2	  0.0	  1.2
973	Daffodil yellow	137	0	  0.7	  0.0	  0.7
3046	Rye beige 	331	0	  1.7	  0.0	  1.7
3078	Pale yellow 	561	410	  2.8	  0.6	  3.5
3740	Dark antique violet 	675	0	  3.4	  0.0	  3.4
3746	Iris violet 	2797	0	 14.1	  0.0	 14.1
3752	Light porcelain blue 	606	0	  3.1	  0.0	  3.1
3753	Moonlight blue	901	0	  4.5	  0.0	  4.5
3768	Storm grey 	1277	0	  6.4	  0.0	  6.4
3828	Oaktree brown	267	0	  1.3	  0.0	  1.3
3835	Medium grape	256	0	  1.3	  0.0	  1.3
3836	Light grape	47	0	  0.2	  0.0	  0.2
3839	Mediterranean blue 	433	0	  2.2	  0.0	  2.2
3855	Autumn gold 	101	0	  0.5	  0.0	  0.5
3865	Winter white 	0	428	  0.0	  1.3	  1.3
3836+156	+ 	111	0	  0.6	  0.0	  0.6
470+156	+ 	711	0	  3.6	  0.0	  3.6
838+310	+ 	143	0	  0.7	  0.0	  0.7
838+333	+ 	1003	0	  5.1	  0.0	  5.1
327+333	+ 	1130	0	  5.7	  0.0	  5.7
3768+333	+ 	906	0	  4.6	  0.0	  4.6
947+420	+ 	719	0	  3.6	  0.0	  3.6
782+420	+ 	72	0	  0.4	  0.0	  0.4
703+470	+ 	877	0	  4.4	  0.0	  4.4
907+472	+ 	235	0	  1.2	  0.0	  1.2
734+503	+ 	535	0	  2.7	  0.0	  2.7
702+580	+ 	146	0	  0.7	  0.0	  0.7
502+580	+ 	162	0	  0.8	  0.0	  0.8
470+733	+ 	390	0	  2.0	  0.0	  2.0
3046+734	+ 	349	0	  1.8	  0.0	  1.8
972+783	+ 	289	0	  1.5	  0.0	  1.5
734+783	+ 	284	0	  1.4	  0.0	  1.4
934+823	+ 	213	0	  1.1	  0.0	  1.1
470+832	+ 	104	0	  0.5	  0.0	  0.5
839+3768	+ 	1281	0	  6.5	  0.0	  6.5
946+869	+ 	398	0	  2.0	  0.0	  2.0
703+907	+ 	356	0	  1.8	  0.0	  1.8
869+919	+ 	372	0	  1.9	  0.0	  1.9
3835+919	+ 	109	0	  0.5	  0.0	  0.5
155+926	+ 	1038	0	  5.2	  0.0	  5.2
3839+926	+ 	175	0	  0.9	  0.0	  0.9
703+926	+ 	713	0	  3.6	  0.0	  3.6
155+932	+ 	101	0	  0.5	  0.0	  0.5
310+934	+ 	358	0	  1.8	  0.0	  1.8
307+3046	+ 	378	0	  1.9	  0.0	  1.9
3753+3078	+ 	703	0	  3.5	  0.0	  3.5
946+3705	+ 	137	0	  0.7	  0.0	  0.7
3768+3740	+ 	1044	0	  5.3	  0.0	  5.3
3835+3746	+ 	1655	0	  8.3	  0.0	  8.3
926+3746	+ 	5356	0	 27.0	  0.0	 27.0
907+3752	+ 	87	0	  0.4	  0.0	  0.4
3746+3768	+ 	7620	0	 38.4	  0.0	 38.4
580+3768	+ 	792	0	  4.0	  0.0	  4.0
970+3828	+ 	244	0	  1.2	  0.0	  1.2
420+3836	+ 	131	0	  0.7	  0.0	  0.7
3746+3839	+ 	947	0	  4.8	  0.0	  4.8
